Date_reported,Country_code,Country,Continent,WHO_region,New_cases,Cumulative_cases,New_deaths,Cumulative_deaths
2020-01-05,RO,Romania,Europe,EURO,,0,,0
2020-01-12,RO,Romania,Europe,EURO,,0,,0
2020-01-19,RO,Romania,Europe,EURO,,0,,0
2020-01-26,RO,Romania,Europe,EURO,,0,,0
2020-02-02,RO,Romania,Europe,EURO,,0,,0
2020-02-09,RO,Romania,Europe,EURO,,0,,0
2020-02-16,RO,Romania,Europe,EURO,,0,,0
2020-02-23,RO,Romania,Europe,EURO,,0,,0
2020-03-01,RO,Romania,Europe,EURO,4.0,4,,0
2020-03-08,RO,Romania,Europe,EURO,11.0,15,,0
2020-03-15,RO,Romania,Europe,EURO,124.0,139,,0
2020-03-22,RO,Romania,Europe,EURO,228.0,367,,0
2020-03-29,RO,Romania,Europe,EURO,1085.0,1452,37.0,37
2020-04-05,RO,Romania,Europe,EURO,2161.0,3613,109.0,146
2020-04-12,RO,Romania,Europe,EURO,2377.0,5990,145.0,291
2020-04-19,RO,Romania,Europe,EURO,2428.0,8418,130.0,421
2020-04-26,RO,Romania,Europe,EURO,2217.0,10635,180.0,601
2020-05-03,RO,Romania,Europe,EURO,2097.0,12732,170.0,771
2020-05-10,RO,Romania,Europe,EURO,2399.0,15131,168.0,939
2020-05-17,RO,Romania,Europe,EURO,1573.0,16704,155.0,1094
2020-05-24,RO,Romania,Europe,EURO,1153.0,17857,82.0,1176
2020-05-31,RO,Romania,Europe,EURO,1276.0,19133,83.0,1259
2020-06-07,RO,Romania,Europe,EURO,1157.0,20290,59.0,1318
2020-06-14,RO,Romania,Europe,EURO,1389.0,21679,76.0,1394
2020-06-21,RO,Romania,Europe,EURO,2051.0,23730,106.0,1500
2020-06-28,RO,Romania,Europe,EURO,2292.0,26022,89.0,1589
2020-07-05,RO,Romania,Europe,EURO,2560.0,28582,142.0,1731
2020-07-12,RO,Romania,Europe,EURO,3497.0,32079,140.0,1871
2020-07-19,RO,Romania,Europe,EURO,4612.0,36691,138.0,2009
2020-07-26,RO,Romania,Europe,EURO,6987.0,43678,156.0,2165
2020-08-02,RO,Romania,Europe,EURO,8433.0,52111,214.0,2379
2020-08-09,RO,Romania,Europe,EURO,8512.0,60623,280.0,2659
2020-08-16,RO,Romania,Europe,EURO,8751.0,69374,295.0,2954
2020-08-23,RO,Romania,Europe,EURO,8170.0,77544,279.0,3233
2020-08-30,RO,Romania,Europe,EURO,8289.0,85833,306.0,3539
2020-09-06,RO,Romania,Europe,EURO,8031.0,93864,311.0,3850
2020-09-13,RO,Romania,Europe,EURO,8522.0,102386,277.0,4127
2020-09-20,RO,Romania,Europe,EURO,9164.0,111550,275.0,4402
2020-09-27,RO,Romania,Europe,EURO,9685.0,121235,285.0,4687
2020-10-04,RO,Romania,Europe,EURO,12830.0,134065,260.0,4947
2020-10-11,RO,Romania,Europe,EURO,18338.0,152403,411.0,5358
2020-10-18,RO,Romania,Europe,EURO,24065.0,176468,454.0,5812
2020-10-25,RO,Romania,Europe,EURO,29325.0,205793,506.0,6318
2020-11-01,RO,Romania,Europe,EURO,35546.0,241339,650.0,6968
2020-11-08,RO,Romania,Europe,EURO,55660.0,296999,825.0,7793
2020-11-15,RO,Romania,Europe,EURO,56186.0,353185,1020.0,8813
2020-11-22,RO,Romania,Europe,EURO,59623.0,412808,1103.0,9916
2020-11-29,RO,Romania,Europe,EURO,53174.0,465982,1129.0,11045
2020-12-06,RO,Romania,Europe,EURO,42363.0,508345,1141.0,12186
2020-12-13,RO,Romania,Europe,EURO,43555.0,551900,1078.0,13264
2020-12-20,RO,Romania,Europe,EURO,36044.0,587944,1032.0,14296
2020-12-27,RO,Romania,Europe,EURO,25816.0,613760,812.0,15108
2021-01-03,RO,Romania,Europe,EURO,23635.0,637395,811.0,15919
2021-01-10,RO,Romania,Europe,EURO,30807.0,668202,673.0,16592
2021-01-17,RO,Romania,Europe,EURO,23286.0,691488,572.0,17164
2021-01-24,RO,Romania,Europe,EURO,17706.0,709194,558.0,17722
2021-01-31,RO,Romania,Europe,EURO,17724.0,726918,542.0,18264
2021-02-07,RO,Romania,Europe,EURO,16425.0,743343,545.0,18809
2021-02-14,RO,Romania,Europe,EURO,16748.0,760091,516.0,19325
2021-02-21,RO,Romania,Europe,EURO,17185.0,777276,470.0,19795
2021-02-28,RO,Romania,Europe,EURO,21888.0,799164,492.0,20287
2021-03-07,RO,Romania,Europe,EURO,25831.0,824995,567.0,20854
2021-03-14,RO,Romania,Europe,EURO,30331.0,855326,585.0,21439
2021-03-21,RO,Romania,Europe,EURO,37522.0,892848,693.0,22132
2021-03-28,RO,Romania,Europe,EURO,39331.0,932179,865.0,22997
2021-04-04,RO,Romania,Europe,EURO,38045.0,970224,976.0,23973
2021-04-11,RO,Romania,Europe,EURO,32641.0,1002865,1033.0,25006
2021-04-18,RO,Romania,Europe,EURO,24174.0,1027039,1066.0,26072
2021-04-25,RO,Romania,Europe,EURO,17683.0,1044722,1195.0,27267
2021-05-02,RO,Romania,Europe,EURO,11850.0,1056572,927.0,28194
2021-05-09,RO,Romania,Europe,EURO,8682.0,1065254,709.0,28903
2021-05-16,RO,Romania,Europe,EURO,6080.0,1071334,582.0,29485
2021-05-23,RO,Romania,Europe,EURO,3902.0,1075236,400.0,29885
2021-05-30,RO,Romania,Europe,EURO,2190.0,1077426,362.0,30247
2021-06-06,RO,Romania,Europe,EURO,1316.0,1078742,478.0,30725
2021-06-13,RO,Romania,Europe,EURO,915.0,1079657,1079.0,31804
2021-06-20,RO,Romania,Europe,EURO,546.0,1080203,504.0,32308
2021-06-27,RO,Romania,Europe,EURO,381.0,1080584,869.0,33177
2021-07-04,RO,Romania,Europe,EURO,334.0,1080918,748.0,33925
2021-07-11,RO,Romania,Europe,EURO,292.0,1081210,291.0,34216
2021-07-18,RO,Romania,Europe,EURO,378.0,1081588,36.0,34252
2021-07-25,RO,Romania,Europe,EURO,595.0,1082183,15.0,34267
2021-08-01,RO,Romania,Europe,EURO,1006.0,1083189,14.0,34281
2021-08-08,RO,Romania,Europe,EURO,1522.0,1084711,32.0,34313
2021-08-15,RO,Romania,Europe,EURO,2189.0,1086900,29.0,34342
2021-08-22,RO,Romania,Europe,EURO,3508.0,1090408,61.0,34403
2021-08-29,RO,Romania,Europe,EURO,5477.0,1095885,106.0,34509
2021-09-05,RO,Romania,Europe,EURO,8881.0,1104766,169.0,34678
2021-09-12,RO,Romania,Europe,EURO,13783.0,1118549,283.0,34961
2021-09-19,RO,Romania,Europe,EURO,26344.0,1144893,495.0,35456
2021-09-26,RO,Romania,Europe,EURO,42880.0,1187773,774.0,36230
2021-10-03,RO,Romania,Europe,EURO,69372.0,1257145,1164.0,37394
2021-10-10,RO,Romania,Europe,EURO,89095.0,1346240,1815.0,39209
2021-10-17,RO,Romania,Europe,EURO,99474.0,1445714,2273.0,41482
2021-10-24,RO,Romania,Europe,EURO,104489.0,1550203,2808.0,44290
2021-10-31,RO,Romania,Europe,EURO,90404.0,1640607,3034.0,47324
2021-11-07,RO,Romania,Europe,EURO,60982.0,1701589,3158.0,50482
2021-11-14,RO,Romania,Europe,EURO,37694.0,1739283,2354.0,52836
2021-11-21,RO,Romania,Europe,EURO,21482.0,1760765,2002.0,54838
2021-11-28,RO,Romania,Europe,EURO,14807.0,1775572,1331.0,56169
2021-12-05,RO,Romania,Europe,EURO,9548.0,1785120,852.0,57021
2021-12-12,RO,Romania,Europe,EURO,7313.0,1792433,615.0,57636
2021-12-19,RO,Romania,Europe,EURO,5273.0,1797706,507.0,58143
2021-12-26,RO,Romania,Europe,EURO,4690.0,1802396,393.0,58536
2022-01-02,RO,Romania,Europe,EURO,7946.0,1810342,243.0,58779
2022-01-09,RO,Romania,Europe,EURO,29483.0,1839825,218.0,58997
2022-01-16,RO,Romania,Europe,EURO,56008.0,1895833,215.0,59212
2022-01-23,RO,Romania,Europe,EURO,107208.0,2003041,313.0,59525
2022-01-30,RO,Romania,Europe,EURO,173685.0,2176726,407.0,59932
2022-02-06,RO,Romania,Europe,EURO,208987.0,2385713,628.0,60560
2022-02-13,RO,Romania,Europe,EURO,164635.0,2550348,960.0,61520
2022-02-20,RO,Romania,Europe,EURO,105585.0,2655933,951.0,62471
2022-02-27,RO,Romania,Europe,EURO,68547.0,2724480,823.0,63294
2022-03-06,RO,Romania,Europe,EURO,40689.0,2765169,637.0,63931
2022-03-13,RO,Romania,Europe,EURO,25199.0,2790368,404.0,64335
2022-03-20,RO,Romania,Europe,EURO,23430.0,2813798,334.0,64669
2022-03-27,RO,Romania,Europe,EURO,25051.0,2838849,226.0,64895
2022-04-03,RO,Romania,Europe,EURO,19816.0,2858665,184.0,65079
2022-04-10,RO,Romania,Europe,EURO,13272.0,2871937,119.0,65198
2022-04-17,RO,Romania,Europe,EURO,9385.0,2881322,133.0,65331
2022-04-24,RO,Romania,Europe,EURO,6502.0,2887824,90.0,65421
2022-05-01,RO,Romania,Europe,EURO,6052.0,2893876,65.0,65486
2022-05-08,RO,Romania,Europe,EURO,4972.0,2898848,74.0,65560
2022-05-15,RO,Romania,Europe,EURO,3942.0,2902790,46.0,65606
2022-05-22,RO,Romania,Europe,EURO,3069.0,2905859,45.0,65651
2022-05-29,RO,Romania,Europe,EURO,2454.0,2908313,26.0,65677
2022-06-05,RO,Romania,Europe,EURO,2079.0,2910392,14.0,65691
2022-06-12,RO,Romania,Europe,EURO,2145.0,2912537,22.0,65713
2022-06-19,RO,Romania,Europe,EURO,341.0,2912878,1.0,65714
2022-06-26,RO,Romania,Europe,EURO,2609.0,2915487,12.0,65726
2022-07-03,RO,Romania,Europe,EURO,3974.0,2919461,13.0,65739
2022-07-10,RO,Romania,Europe,EURO,7726.0,2927187,16.0,65755
2022-07-17,RO,Romania,Europe,EURO,34582.0,2961769,57.0,65812
2022-07-24,RO,Romania,Europe,EURO,40893.0,3002662,41.0,65853
2022-07-31,RO,Romania,Europe,EURO,56906.0,3059568,130.0,65983
2022-08-07,RO,Romania,Europe,EURO,52906.0,3112474,188.0,66171
2022-08-14,RO,Romania,Europe,EURO,42247.0,3154721,165.0,66336
2022-08-21,RO,Romania,Europe,EURO,30209.0,3184930,147.0,66483
2022-08-28,RO,Romania,Europe,EURO,23973.0,3208903,148.0,66631
2022-09-04,RO,Romania,Europe,EURO,17304.0,3226207,135.0,66766
2022-09-11,RO,Romania,Europe,EURO,13185.0,3239392,83.0,66849
2022-09-18,RO,Romania,Europe,EURO,12971.0,3252363,63.0,66912
2022-09-25,RO,Romania,Europe,EURO,9251.0,3261614,60.0,66972
2022-10-02,RO,Romania,Europe,EURO,7884.0,3269498,55.0,67027
2022-10-09,RO,Romania,Europe,EURO,5778.0,3275276,49.0,67076
2022-10-16,RO,Romania,Europe,EURO,4347.0,3279623,43.0,67119
2022-10-23,RO,Romania,Europe,EURO,3524.0,3283147,42.0,67161
2022-10-30,RO,Romania,Europe,EURO,3038.0,3286185,25.0,67186
2022-11-06,RO,Romania,Europe,EURO,2819.0,3289004,25.0,67211
2022-11-13,RO,Romania,Europe,EURO,2585.0,3291589,25.0,67236
2022-11-20,RO,Romania,Europe,EURO,2476.0,3294065,17.0,67253
2022-11-27,RO,Romania,Europe,EURO,382.0,3294447,,67253
2022-12-04,RO,Romania,Europe,EURO,2387.0,3296834,23.0,67276
2022-12-11,RO,Romania,Europe,EURO,1904.0,3298738,13.0,67289
2022-12-18,RO,Romania,Europe,EURO,2924.0,3301662,21.0,67310
2022-12-25,RO,Romania,Europe,EURO,3386.0,3305048,31.0,67341
2023-01-01,RO,Romania,Europe,EURO,3432.0,3308480,33.0,67374
2023-01-08,RO,Romania,Europe,EURO,3605.0,3312085,34.0,67408
2023-01-15,RO,Romania,Europe,EURO,4107.0,3316192,52.0,67460
2023-01-22,RO,Romania,Europe,EURO,6456.0,3322648,82.0,67542
2023-01-29,RO,Romania,Europe,EURO,2358.0,3325006,34.0,67576
2023-02-05,RO,Romania,Europe,EURO,2799.0,3327805,43.0,67619
2023-02-12,RO,Romania,Europe,EURO,3200.0,3331005,31.0,67650
2023-02-19,RO,Romania,Europe,EURO,4126.0,3335131,25.0,67675
2023-02-26,RO,Romania,Europe,EURO,5211.0,3340342,29.0,67704
2023-03-05,RO,Romania,Europe,EURO,5704.0,3346046,32.0,67736
2023-03-12,RO,Romania,Europe,EURO,6310.0,3352356,37.0,67773
2023-03-19,RO,Romania,Europe,EURO,7483.0,3359839,48.0,67821
2023-03-26,RO,Romania,Europe,EURO,8082.0,3367921,37.0,67858
2023-04-02,RO,Romania,Europe,EURO,6904.0,3374825,59.0,67917
2023-04-09,RO,Romania,Europe,EURO,6066.0,3380891,44.0,67961
2023-04-16,RO,Romania,Europe,EURO,4201.0,3385092,40.0,68001
2023-04-23,RO,Romania,Europe,EURO,5032.0,3390124,46.0,68047
2023-04-30,RO,Romania,Europe,EURO,3778.0,3393902,42.0,68089
2023-05-07,RO,Romania,Europe,EURO,3463.0,3397365,28.0,68117
2023-05-14,RO,Romania,Europe,EURO,2612.0,3399977,26.0,68143
2023-05-21,RO,Romania,Europe,EURO,2379.0,3402356,29.0,68172
2023-05-28,RO,Romania,Europe,EURO,1841.0,3404197,12.0,68184
2023-06-04,RO,Romania,Europe,EURO,1009.0,3405206,9.0,68193
2023-06-11,RO,Romania,Europe,EURO,963.0,3406169,24.0,68217
2023-06-18,RO,Romania,Europe,EURO,730.0,3406899,7.0,68224
2023-06-25,RO,Romania,Europe,EURO,586.0,3407485,9.0,68233
2023-07-02,RO,Romania,Europe,EURO,510.0,3407995,7.0,68240
2023-07-09,RO,Romania,Europe,EURO,460.0,3408455,3.0,68243
2023-07-16,RO,Romania,Europe,EURO,430.0,3408885,3.0,68246
2023-07-23,RO,Romania,Europe,EURO,517.0,3409402,3.0,68249
2023-07-30,RO,Romania,Europe,EURO,595.0,3409997,4.0,68253
2023-08-06,RO,Romania,Europe,EURO,906.0,3410903,6.0,68259
2023-08-13,RO,Romania,Europe,EURO,1054.0,3411957,3.0,68262
2023-08-20,RO,Romania,Europe,EURO,1894.0,3413851,4.0,68266
2023-08-27,RO,Romania,Europe,EURO,3326.0,3417177,4.0,68270
2023-09-03,RO,Romania,Europe,EURO,4772.0,3421949,12.0,68282
2023-09-10,RO,Romania,Europe,EURO,7171.0,3429120,14.0,68296
2023-09-17,RO,Romania,Europe,EURO,11226.0,3440346,18.0,68314
2023-09-24,RO,Romania,Europe,EURO,14861.0,3455207,27.0,68341
2023-10-01,RO,Romania,Europe,EURO,13165.0,3468372,31.0,68372
2023-10-08,RO,Romania,Europe,EURO,9719.0,3478091,37.0,68409
2023-10-15,RO,Romania,Europe,EURO,7701.0,3485792,46.0,68455
2023-10-22,RO,Romania,Europe,EURO,6404.0,3492196,32.0,68487
2023-10-29,RO,Romania,Europe,EURO,5030.0,3497226,38.0,68525
2023-11-05,RO,Romania,Europe,EURO,2298.0,3499524,32.0,68557
2023-11-12,RO,Romania,Europe,EURO,1536.0,3501060,19.0,68576
2023-11-19,RO,Romania,Europe,EURO,1367.0,3502427,26.0,68602
2023-11-26,RO,Romania,Europe,EURO,1399.0,3503826,25.0,68627
2023-12-03,RO,Romania,Europe,EURO,1229.0,3505055,12.0,68639
2023-12-10,RO,Romania,Europe,EURO,1460.0,3506515,12.0,68651
2023-12-17,RO,Romania,Europe,EURO,1815.0,3508330,18.0,68669
2023-12-24,RO,Romania,Europe,EURO,2068.0,3510398,21.0,68690
2023-12-31,RO,Romania,Europe,EURO,2195.0,3512593,24.0,68714
2024-01-07,RO,Romania,Europe,EURO,2096.0,3514689,18.0,68732
2024-01-14,RO,Romania,Europe,EURO,2012.0,3516701,12.0,68744
2024-01-21,RO,Romania,Europe,EURO,2124.0,3518825,9.0,68753
2024-01-28,RO,Romania,Europe,EURO,1817.0,3520642,7.0,68760
2024-02-04,RO,Romania,Europe,EURO,1725.0,3522367,8.0,68768
2024-02-11,RO,Romania,Europe,EURO,1619.0,3523986,6.0,68774
2024-02-18,RO,Romania,Europe,EURO,986.0,3524972,7.0,68781
2024-02-25,RO,Romania,Europe,EURO,833.0,3525805,4.0,68785
2024-03-03,RO,Romania,Europe,EURO,558.0,3526363,,68785
2024-03-10,RO,Romania,Europe,EURO,472.0,3526835,2.0,68787
2024-03-17,RO,Romania,Europe,EURO,395.0,3527230,1.0,68788
2024-03-24,RO,Romania,Europe,EURO,330.0,3527560,4.0,68792
2024-03-31,RO,Romania,Europe,EURO,313.0,3527873,,68792
2024-04-07,RO,Romania,Europe,EURO,253.0,3528126,2.0,68794
2024-04-14,RO,Romania,Europe,EURO,183.0,3528309,5.0,68799
2024-04-21,RO,Romania,Europe,EURO,141.0,3528450,,68799
2024-04-28,RO,Romania,Europe,EURO,131.0,3528581,,68799
2024-05-05,RO,Romania,Europe,EURO,81.0,3528662,1.0,68800
2024-05-12,RO,Romania,Europe,EURO,91.0,3528753,2.0,68802
2024-05-19,RO,Romania,Europe,EURO,113.0,3528866,1.0,68803
2024-05-26,RO,Romania,Europe,EURO,145.0,3529011,,68803
2024-06-02,RO,Romania,Europe,EURO,202.0,3529213,,68803
2024-06-09,RO,Romania,Europe,EURO,233.0,3529446,,68803
2024-06-16,RO,Romania,Europe,EURO,236.0,3529682,2.0,68805
2024-06-23,RO,Romania,Europe,EURO,278.0,3529960,1.0,68806
2024-06-30,RO,Romania,Europe,EURO,445.0,3530405,1.0,68807
2024-07-07,RO,Romania,Europe,EURO,624.0,3531029,1.0,68808
2024-07-14,RO,Romania,Europe,EURO,1114.0,3532143,1.0,68809
2024-07-21,RO,Romania,Europe,EURO,1844.0,3533987,6.0,68815
2024-07-28,RO,Romania,Europe,EURO,2999.0,3536986,4.0,68819
2024-08-04,RO,Romania,Europe,EURO,4633.0,3541619,6.0,68825
2024-08-11,RO,Romania,Europe,EURO,5033.0,3546652,16.0,68841
2024-08-18,RO,Romania,Europe,EURO,4740.0,3551392,12.0,68853
2024-08-25,RO,Romania,Europe,EURO,4651.0,3556043,14.0,68867
2024-09-01,RO,Romania,Europe,EURO,3935.0,3559978,12.0,68879
